n <- 15
m <- 20
d <- m * n 
